     0 17321.1 15601.6 11685.8 12566.5 9765.42 13225.6 15451.5 11923.1  16317 21056.3 17689.4 11681.4 13124.8 18887.4 29534.4 15798.5 20489.2  20435 8855.42 24610.9 13079.3 4200.09  15027 16283.4 11621.9 10229.3 17198.1 11831.3 19734.9 14375.6 9990.41 18335.7 14430.7 15287.4 17855.9 17902.5 18431.4 15958.7 13406.2 15076.7 14611.7 12501.4  17242 7720.39 20770.6 16562.2 13729.8 14026.5 18127.2 16504.5 17538.5 18597.3 12276.9 16635.3 18399.9 23752.7 10512.4 12095.1  16372 11188.6 12686.3  17185 14875.2 10961.2 15046.7 12800.7 16906.9 14629.2 12296.4 19926.7 16625.6 14593.1 14321.5 13538.9 19496.3 11926.6 19027.2 19534.2 3236.95 12515.5 21888.8 14951.8 14277.3 9433.22 11908.1 13967.4 16778.4 20445.6 19913.4 19893.8 24872.2  20482 16228.6 14002.5 12830.1 17257.9 13146.2 11381.7  17465 14445.5 15020.9 2087.34 8259.77    inf  21134 19055.8 17594.9 16446.6 16350.6 9130.93 16608.4 21875.6 10934.4 13257.2  20898 15790.4 6191.52 13318.4  20884 20551.3 11876.5 10523.4 14011.8 15314.3 9259.69 15826.4 13219.8 16180.7 15061.6 17019.6 13724.6 15386.3 17855.5  12109 15800.9 16698.8 11182.2 12698.3 15063.5 15630.9 15092.8 20504.7 15741.8 13965.8 14919.8  12949 12888.3 17096.6 16529.1 
17321.1      0 5157.85 15788.7 8192.94 15247.8 8148.27 15716.3 14430.5 6312.25 17726.2 14348.8 13232.9 6890.83 16458.4 19856.9 16807.7 10811.7 16383.1 12480.7 25412.4 7651.35 16530.6 15616.2  13377 10459.1 11487.3 17310.7 9184.7 16329.4  11729 12090.5 16886.5 8198.56 14421.1 12950.1 15211.9 17818.2  16233  14909 13169.8 9491.61 12766.2 12924.7 12295.2 16453.4 12510.3 16326.2 12119.7 12811.9 16609.9 9504.79 6995.84 14194.3 4730.2 11552.5 18949.7 15841.2 11228.9 17609.6 12691.4 11525.1 2048.93 6841.49 9054.37 12320.4 11309.4  18090 11982.6 8434.32 15609.4 11063.9 12686.2 8200.4  11632 17589.4 12404.1 16264.4 20004.7 16383.4 12978.9 23440.3 12522.7 15750.5 11326.2 10967.3 11538.4 16624.7 10440.9 14026.5 16582.6 13698.2 17835.5 1092.49 7714.2 9691.72 14006.6 11239.3 13481.8 9431.28  15997 9518.73 15233.7 9061.32    inf 14845.7 13627.8 4730.51 12316.2 14443.7 8190.16 15518.7 19229.1 16263.3  10006 15498.1 14268.8 14539.2 11595.9  15456 20349.5 14845.8 13831.3 12150.5 16115.8 12105.8 5539.03 13690.2 15387.2 3460.16 14035.6 9594.22 16889.1 18695.9 12221.7 12549.7 11318.7  11447 14249.8 11840.3 13851.8 2228.33 9779.15  14801 15148.9 13012.9 21909.9 14391.1 15208.7 14622.3 
15601.6 5157.85      0 12113.8 3035.09 10089.9 2990.43 10714.5 9272.65 7013.44 14022.1 9190.95 8623.65 7592.03 17012.8  14699 11649.9 5653.83 11225.2 11893.6 25097.4 7064.28 13990.1 11342.3 8219.14 5301.22 6329.47 14915.8 4026.85 13414.2 6571.18 6932.68 12305.3 8899.75 13686.4 13397.8  10054  13237 14871.9 9911.37 10994.9 4333.76 7764.39 11329.7 7881.17 14858.3 7352.46 11168.3 12820.8 13513.1 11452.1 4346.94 7697.04 12437.7 5431.39 10191.4  16707 10683.4 11930.1 12687.3 7864.97 6367.25 5021.8 1683.64 9755.56 10937.6 6151.55 12932.1 6824.76 7847.25 14014.4 5906.03 10884.5 3042.55 11938.7 17896.1 9644.39 11683.2 14846.8 12364.6   8431  18831 13223.9 10592.6 6168.34 11668.5 12092.8 13897.5 11142.1 12665.4 11876.7 10538.1 12677.6 4065.36 2556.35 4533.87 8848.74 11940.5 8323.98 4273.43 11387.8 12491.6 13514.2 8746.25    inf 9687.87 11718.2 5431.7 10125.9 14750.4 8891.35 10360.8 14071.2 11105.4 4848.1 10340.2 9110.97 11998.7 10260.6 10741.3 15191.6 9687.98 10481.1 6992.7 15800.8 8678.95 6240.23 8532.38 10229.4 4161.35 8877.79 7403.95 11891.4  13538 9826.82 7391.81 10731.7 6445.21 9640.54 7259.11 8693.99 2929.52 10226.8 15502.2 9991.01 13714.1 16752.1 9564.62 10050.9 12278.1 
11685.8 15788.7 12113.8      0 9078.71 16133.5 10561.2 16217.3 18291.2 13947.6 25361.5 16881.3 7498.4 8897.87 18465.5 26812.8 10621.3 17767.6 15475.8 11877.9 31296.1 13079.9 11205.4 12362.6 15169.9 7438.89 13476.7 14533.7 8086.95  13940 5542.62 5807.43 13158.5 12061.3 12561.1 17244.5 17744.4 13254.1 14680.1 14151.5 12412.3 15465.1 13267.2 17201.9 5056.01 20730.5  17328 20097.9 11362.1 9390.2 19142.4 15844.1 15206.2 9612.52 16062.2 9999.64 19231.9 16880.5 15117.6 13707.7 11933.9 13431.7 15652.7 13797.4 8296.86 8659.41 13722.3 19312.6 10884.9 12458.2 19886.6 13596.4 11928.7 15156.4 10874.5 16831.9 9262.21  14808 12568.7 9539.45 11190.6 17483.6 3266.02 11612.9 6768.84 11296.7 13545.4 18443.8 18076.2 12473.6 15710.8 22651.9 11649.1 14696.2 14670.2  16635 16496.1 10481.8 4416.13 16387.2 10262.5 14409.5 9598.41  14945    inf 21801.7 15446.9 16062.6 12263.6 13686.2 14073.8  13944 18131.3 17302.5 15870.2 18030.6 11607.4 9213.99 9135.39 20175.1  14163 14543.3 13778.7  14854 21999.5 15826.2 16871.1 6254.21  16273 12328.5 16408.1 9541.62 16131.6 13318.8 9444.64 15039.2 15595.9 14586.4 8515.29 11319.2 8665.35 13560.4 20415.4 15130.3 16371.5 12255.4 19954.3 13633.6 13240.7 13864.8 
12566.5 8192.94 3035.09 9078.71      0 7054.81 6025.52 12203.3 9212.45 10048.5 17057.2 11398.8 9217.69 10250.5 17709.9 17734.1 8614.77 8688.92 14260.3 12658.2 28132.4   8413 12591.9 12152.7 11254.2 8336.31 7682.06 14137.7 991.763 11933.4 3536.09 7526.72 9270.16 8425.67 12353.8 16432.8 12261.9 10201.9 13248.1 7106.24 8333.06 7368.86 9253.22 13686.3 4846.08  17215 10387.6 11019.2 11152.2  13492 13659.9 7382.04 10732.1 9402.6 8466.48 13226.5 16179.7 7801.74  14880 12832.5 9323.85 9402.34 8056.9 4718.73 8086.93 7927.09 9186.64 15967.2 3789.67 9195.97 16371.1 8113.87 7849.46 6077.65 8903.63  14861 8866.2 8648.06 14384.5 9329.52 5395.9 19299.4 12344.7  11403 3133.25 11086.8 13441.5 16492.5 14177.2 12793.8 14911.8 13573.2 9642.55 7100.45 5591.44 7568.97 11883.8 9296.32 8918.02 7308.52 11981.8 14199.6 10479.1 11781.3    inf  12723 14389.4 8466.79  13161 11715.3 11926.4 8497.51 11036.1 8223.8 7883.19 12548.1 12146.1 14583.3 10854.7 13776.4 12156.5 12536.8 12851.7 10027.8 18835.9 10031.5 9275.32 8070.04 7194.3 7196.45 11085.6  10439 9086.26 15134.6 9048.62 10426.9 12080.4 9480.3 10234.6 4224.02 5658.9 5964.61 13261.9 14920.4 13026.1 11069.9 19387.3 11023.5 13085.9 9243.01 
9765.42 15247.8 10089.9 16133.5 7054.81      0 13080.3  16634 2157.64 17103.3 11290.9 10881.6 13724.1 16222.9 17674.5  19769 15669.6 10723.8 13782.5 10220.7 26700.9 9291.84 5565.33 12669.5 11649.8 13528.2  14187 18891.6 8046.57 18160.6 10590.9 14581.5  16325 15480.5 16652.6 9553.03 15554.6 17256.7 6193.26 12639.9 13552.2 6891.06 13683.9 8539.33 11900.9  12068 9909.76 3964.35 17124.6 19678.3 16952.6 12204.5 17786.9 13803.5 15521.3 10873.7 15552.6 746.93 13460.4 11272.4 10422.3 8924.54 14894.3 9541.18 14059.3 12236.7 13983.2 14756.6 10844.5 8508.87 11224.1 14166.5 14035.8 13132.5  15090 21047.4 15546.8 15702.9 20956.3 8827.68 12450.7 22593.3 17607.4 11919.9 10188.1 12255.8 12754.4 14401.7 18576.2 10632.6 18413.8 17845.4 16543.8 14155.3 10413.9 14623.8 9352.94 15482.7 15972.8 8516.41 14454.5 15368.6 7678.08 10349.8    inf 17545.4 13454.7 15521.6 14147.4 17901.7 9478.59  10865 18090.9 1168.99 5352.3 16803.7 9615.17 7556.76 13236.4 17096.5 19057.8 12245.3 8433.29 9549.99 17404.3 14850.4 16330.1 14641.9 14090.7 14251.3  13498 11425.4 14036.2 16095.3 15729.2 7896.01 6933.4 12364.8 12707.2 11278.8 12713.7 13019.4  12724 16089.4 11815.5 17256.3 14314.3 12121.9 14293.4 16297.8 
13225.6 8148.27 2990.43 10561.2 6025.52 13080.3      0 9048.86 12263.1 9914.32 17012.5 12181.4 9655.37 10582.5 14022.4 17689.5 14640.3 8644.26 14032.3 8903.17 22106.9 4073.86 11806.8 12811.8 11209.6 8291.64 9319.89 14982.9 7017.28 14508.5 9561.61 8771.34  13309 8028.01 15335.1  15352 13044.5 14240.7 13990.6 8245.75 12861.5 7324.19 6098.77 9347.18 5505.2 12875.9 10159.5 14158.8 11811.3  15912 14442.5 7337.37 10687.5 10061.7 8421.82 13181.8 19697.4 12618.8 12142.9 14156.9 10463.4 9357.67 8012.23 4674.07 8746.05 7947.15 3161.12  15478 8697.18 4856.83 12031.9 8896.46 12377.9 6032.98 11323.7 17281.1 9711.4 12686.9 11856.4 9988.63 10478.3 16771.4 13827.2 12062.1 3792.37 9404.14 9102.37 13047.2  14043 15655.8 14593.8 13528.6 15668.1 7055.79 5546.78 7524.3 11839.2  10931 7380.04 7263.85 12419.5  12517 11138.2 5755.82    inf 12678.3 10050.3 8422.13 10495.4 14135.4 6626.98 12536.3 15943.6 13040.8 7838.53 13330.6 12101.4 9815.35 8018.38 11878.5 14148.7 11924.3 12010.5 9983.13 12810.3 11669.4 9230.65 5541.96 13219.8 7151.78 11868.2 7773.39 10225.8 12606.5 9893.83 10382.2 7741.25 4779.59 10672.3 8262.83 7953.09 5919.95 13217.2 13237.8 12536.9 12704.6  19298  12163 13041.3 14313.9 
15451.5 15716.3 10714.5 16217.3 12203.3  16634 9048.86      0 15419.2   9404  20818 10231.7 13598.4  10084 17290.7 25413.5 15623.6 16368.3 10883.7 8915.71 27528.7 8908.13  13571 16903.9 5926.95 13144.4 11931.2 18761.6 11211.5 10011.9 13755.9 14775.9 13894.1 7517.7 15347.6 16868.1 12655.7 12990.8 12856.9 5097.07 12035.9 10029.6 2950.09 9037.47 11161.3 12566.1 7010.87 17314.9 10985.8 13923.2 14053.7 11694.1 15791.8 11644.6 15989.8 8176.4 16909.3 15887.1 12155.4 14396.4 7314.69 8812.41 14510.6 9030.84 7920.48 13577.2 5887.74 11185.7 8413.64 8125.16 11722.2 12737.8 11552.3  13757 10498.1 16455.6 13490.2  13272 20905.3 14513.8 14217.4 20479.5  14910 16194.4 12810.1 10920.3 12370.7 14483.3 13532.7 10650.4 18030.1 21252.6 7721.02 14623.8 8158.13 15248.4 19447.3 10105.4 16167.2 11620.6 14328.7 14033.1 13364.2 14568.6    inf 12328.2 14884.6 14998.4 13763.7 13309.8 13697.5 13121.5 15660.1 16309.2 15562.6 16821.5 15673.6 11579.6 12852.7 7652.11  10235 11936.8 15278.8 12688.5 18232.1 12950.7 16798.6 14590.8 19397.6 12256.1 15444.7 11041.7 7077.1 13981.6 13672.6 17990.4 10643.4 4269.27 12581.5 8847.99 14420.9 13487.9 15922.6  14754 8244.62 11879.1 15005.7 9014.33 11375.4 13488.4 
11923.1 14430.5 9272.65 18291.2 9212.45 2157.64 12263.1 15419.2      0 16286.1 9133.26 11545.3 12796.4 16491.3 18338.2 20432.8 17827.2 11387.5 15940.2 12378.3 24872.9 8443.15 7722.97 11622.2 9492.21 12030.9 15602.1  16734 10204.2  17907 12748.5 13662.4 17678.3  16277 18810.2 11710.7 15359.2  18610 8325.24 14797.5 15709.9 9048.69 14347.7 6381.69 14058.5 9910.37 12067.4 1895.69 17393.1  20466 16757.3 13619.6 16969.7 15961.1  14704 10948.9 17710.3 1410.71  15618 9114.75 12579.9 11082.2 14045.6 10956.3 14327.8 13112.2  14647  12599 13002.1 9172.65 9066.43 14830.3 16193.5 12315.2 15877.7 21835.1  14619 17056.2 21831.8 10985.3 14608.4 23003.8 17682.6 11209.5 12345.7  11328 13418.2 13473.9 16418.5 8474.98 17482.7 16917.6 15616.1  13338  11829 13806.5 8425.18  15485 15053.7 9180.19 13526.7 14440.8 9835.71 9421.99    inf 18960.5 12526.9 14704.3 13216.3 18689.4 8550.83 9937.27 20248.6 1832.77 4424.54 14646.1 8687.41 9714.4 12387.7 16247.8  18130 14402.9 9097.07 11707.6 15576.3  14364 15512.9 15517.4 13874.4  13434 12570.3 12089.2  14700  18253 14801.5 6968.25 4775.76 13028.5 11779.5 12632.1 14871.4 12202.2 14881.6 15161.7 9657.87 17258.6  16419 14279.5 12135.8 18455.5 
 16317 6312.25 7013.44 13947.6 10048.5 17103.3 9914.32   9404 16286.1      0 11413.9 13735.6 15355.1 6282.77 15850.4 21712.5 15305.2 12667.3 14387.5 12419.5 26005.1 9773.59 15398.9 16198.2 15209.7 12314.7 12796.7 16702.6 10085.4 18642.3 12629.7 13946.1  12768 1886.31  13813 14805.7 15759.7 13699.7 18088.6 8600.89 10731.6 11347.2 6453.91 15046.9 8891.56 18575.6 10514.7 18181.8 11511.6 12203.8 17157.7 11360.4 6387.78 13448.1 6585.79 13408.1 19677.5 16752.6 10620.8 17001.5 10818.5 12316.2 6176.21 8697.09 8446.3 14442.6 6753.2 15833.1 7287.48 8990.62 17731.7 11611.7 11215.2  10056  11024 16981.4  11796 12145.9 21770.7  13375 14834.5 23983.3 11914.6 15448.5 7178.73 11446.1 10930.3 17987.1 4128.68 12257.6 18890.2 15553.7 17017.8 5219.76 9023.59 11547.3 15862.2 10631.3 15337.4 11286.9 16727.6  13646 14229.6 9653.96    inf  15832  15750 6586.1 14629.2 13835.6 8782.8 11995.3 14533.9 17174.6 11861.5 16045.9 16124.4 13407.4 13718.1 17056.1 14503.8 15440.6 16144.3 14006.1 16708.5 13961.4 7394.63 15456.3 17242.8 2852.09 14583.4 11907.2 10580.9 17485.4 11613.6 14405.3  13441 5134.73  16372 7721.83 14752.5 4083.92 11634.7 15279.8  12892 12404.9 19653.1 12518.1 16022.8 14014.2 
21056.3 17726.2 14022.1 25361.5 17057.2 11290.9 17012.5  20818 9133.26 11413.9      0 20678.6 21929.6 17696.7 27264.3 28721.1 24264.8 19675.9  21880 21511.6 34006.2 17576.4 16856.2 20755.5 18625.5 19323.3 16984.3 25867.2 18048.9 27040.2 20593.3 20954.7 24181.9 13300.3 25010.8 20843.9 23652.1 25113.7 17458.5 20014.8 21649.7 14988.6 17867.9 15514.9 20305.5 19043.6 18007.3 11028.9 22925.5 23617.7 25050.1 15001.7 17801.7  24862 17999.7 20082.2 26843.5  10544 22034.8  18248 18519.8  17022 17590.2 12338.4 19860.2 21801.6 18167.1 21732.2 18701.4 18305.9 18199.7 19928.1 22133.3 17064.6 22437.9 28395.3  23210 23559.8 28868.9 20118.6 19270.4 30690.8 23328.6 20140.4 18592.7 20461.3 22344.3 20204.7 7285.27 17608.2 25898.8 24560.2 24749.3 16633.7 13211.1 18555.9 17558.4 22045.2  22346 9748.64  22660 23574.1  18969 18555.3    inf 20342.7 17207.8 18000.1 22349.5 25249.6 17684.1 19070.5 25947.9  10966 13557.8 23779.3 17820.7 18847.7 21520.9 21396.1 25917.8 20342.8 18230.3 17647.5 24709.6 19333.7 18808.6 22554.5 23007.7  14266 21703.5 21222.5 21994.9 24192.8 23027.6 16101.5  13909 16548.7 20912.7 19135.8 22716.1 15497.9 20881.6 24294.9 18791.1 23818.8 25552.2 20219.4 20705.6 25428.1 
17689.4 14348.8 9190.95 16881.3 11398.8 10881.6 12181.4 10231.7 11545.3 13735.6 20678.6      0 12764.9 12301.4 19421.8  23890 14758.1 14844.8 15215.2 10686.6 31367.6 11039.2 15281.8 18497.3 13939.9 9442.42 14770.4 16453.1  10407 14074.8 12951.4 11073.9 12220.9 11849.3 17118.5  17316 7432.92 13028.4 17049.2 5134.67 12152.5  10032 7281.65 14898.5 13378.7 18427.1 11342.4 12507.9 13203.1 13960.8 8830.95 13537.9  16888 11682.2 14622.3 16364.2 19006.1 10134.6 13926.3 17774.1 6500.79 7998.52 14212.8 10874.6 10137.9 15708.3 10219.3 14563.4 7609.13 10256.3 17583.2 3284.92 11668.9 12233.5 12715.5 18672.9 12685.7 11598.8 20617.7 14452.5 16794.7 19665.6 17933.2 17747.6  14532 11368.1 14501.8 14520.9 17864.2 13890.2 14328.1 19729.1 16365.7 13256.3 11747.3 13724.8 18039.7 12322.8 12465.2 13464.4  15529  14481 15602.1 15016.5    inf 15771.4 17015.7 14622.7 10061.7 15527.2 14145.3 11448.3 14855.6 9712.57 14039.1 7719.12 16873.8 13290.4 14401.8 17883.9 15331.6 13707.7 11576.8 12690.9  22071 16328.4 15431.2 14303.3 17234.2 13352.3 6256.68 7339.69 3154.64 13167.7 12868.1 16582.8 14706.6 8600.83 13781.7 7174.78 15074.2 12120.5  15925 15201.8 11622.3 14096.4 18383.4 8200.43 14753.1 15705.8 
11681.4 13232.9 8623.65 7498.4 9217.69 13724.1 9655.37 13598.4 12796.4 15355.1 21929.6 12764.9      0 15257.6 15530.1 23058.1 11532.5 14012.9 16717.3 10410.8 29273.2 5581.51 9761.47 12509.5 7671.46 3322.43 12142.9 14538.5 10209.5 11435.4 12753.8 1690.97 14069.7 13468.8 8444.67 18224.8 13627.9 8899.66  13369 13521.4 12875.8 10014.5 11539.6  10782 12554.4 14310.6 13033.2 14692.1 16897.2 15926.3  15026 12970.6 16320.7 13900.3  14055 17354.7 14877.4 14126.4 11636.9 12145.3 13545.7  12048 11183.9 10307.3 13831.9 7325.55 11838.8 12930.2 10204.8 6364.48 13466.7 9479.93 12392.2 11666.2  11338 17295.4 10729.5 7345.8 11234.8 8444.43 9856.73 10207.4 10764.4 11759.9 12350.9 13482.5  10610 10945.4 19483.8 14880.8 8212.41 17490.2 13726.3 12140.4  11180 10409.6 8997.69 11730.7 3082.27 12897.1 2764.1 14072.6 9594.04 13369.3    inf 18311.5 7948.48 14055.3 8147.15 14149.7 12498.1 13884.6 17451.3 14548.5 8371.84 13914.1 4108.97 7770.04 1636.98 12676.7 16240.3 10050.8 9662.27 7355.55 19976.6 14492.4 14863.9 4920.35 9296.01  12785 12451.7 5425.16 15501.4 11984.9 10547.1 7540.76 9248.9 10220.4 1016.89 9770.49 7331.49 11553.2 15907.5 16985.9 9989.12 13504.3 16750.2 15245.3 9124.27 11555.4 
13124.8 6890.83 7592.03 8897.87 10250.5 16222.9 10582.5  10084 16491.3 6282.77 17696.7 12301.4 15257.6      0 9567.6 22291.1 17829.4 13245.9 14681.5 10886.3 25162.8 9676.07 13150.2 11268.6 13239.8 12893.2 11704.7 10419.9 11242.2 18164.7 13786.6 14186.9 15335.6 8169.07 10842.2 11111.2 13063.8 15911.9 16149.8 8018.21 6278.96 9331.81 7133.92 14198.3 5404.38 17726.9 11194.7  18387 5228.82 9329.51 13698.5  11939 6966.36 7303.5 7164.38 11469.4 17110.8  16655 11199.4 10718.8 5800.6 7298.33 6754.79 9275.67 2163.53 13480.3 10071.6 13863.2 9855.15 8893.1  16883 11237.6 5795.36 10634.6 4741.19 10698.6 5513.26 14713.5 17389.5 9887.82 11300.6 18965.4 5631.85 10518.9 7117.21 5163.35 4647.56  16874 10411.4 13943.3 14765.1 15552.4 15873.8 5798.34 10148.4 12125.9 16067.4 4348.5 12913.2 11865.5 18021.7 8276.17 11037.4 8811.68    inf  16512 15652.5 7164.69 10498.7 7552.85 7940.52  10195 14565.7 17077.1 12066.8 12100.3 16329.7 13550.2 13620.6 17480.7 15183.8 13907.4 15479.1 11990.7 15866.2 9355.25 7973.21 11075.1 17444.8 3430.67 10274.8 11809.7 9998.23 12467.5 5330.84 14610.5 13343.5 8453.1 16274.5 10289.5 8663.96 4662.51 12213.3 8997.02 10922.1 6122.11 17683.2 7500.24 11171.3 7731.43 
18887.4 16458.4 17012.8 18465.5 17709.9 17674.5 14022.4 17290.7 18338.2 15850.4 27264.3 19421.8 15530.1 9567.6      0 31034.6  10977 21989.4 21828.8 11849.7 33713.1 9948.56  16505 20283.1 16651.5 14184.9 11977.2 19859.4 16718.2 18817.3 16055.7 15816.3 8439.76 16269.9 18131.8 20678.8 20284.9 13609.8 13806.9 16487.6 14117.4 14937.3 14340.7 15221.9  14972 18750.6  17956 20144.9 14796.4 18759.2 19498.7 14970.9  16534 15432.5  16732 9126.4 19587.6 16927.5 15089.4 20148.4 15368.2 16865.9  15551  16623 11731.1 14617.6 14639.9 17274.9 13920.3 9165.59 17906.6 16136.9 13633.8 20055.4 14170.8 20128.3 15080.9 15163.7 23337.2 17949.7 14263.4 19529.4 15199.5 19533.5 16684.8  14731 4920.05 17146.5  19979 11600.4 19070.5 15824.9 21108.2 15365.9 15750.3 19175.5 20397.3 13778.2 17207.6 19212.8 18294.2 17843.8 16800.1 18379.3    inf 22881.9  15925 15948.4 14804.1 16982.5 17508.1 17759.4 21166.7 17349.6 21484.1 17771.5  19639 14513.6 13893.1 17753.2 22390.6 9583.1 15766.8 12278.4 24416.5 9627.74 16194.5 17022.8 21424.2 12998.3 19108.7 12082.1 18467.7 13031.5 14898.4 18940.4  13616 13021.5  16547 13485.9 18231.6 14230.1 20830.4  16531 14333.8 12004.5 21094.9 17067.8 17464.6  15021 
29534.4 19856.9  14699 26812.8 17734.1  19769 17689.5 25413.5 20432.8 21712.5 28721.1  23890 23058.1 22291.1 31034.6      0 26348.9 9045.2 25924.3 25915.4 39796.4  21086 25334.3 26041.3 22918.2 20000.3 21028.5 29614.9 18725.9 28113.3 21270.2 21631.7 27004.3 23598.8 28385.4  26195 24753.1  27936 25936.6 24610.4  25694 19032.8 22463.4 26028.7 22580.2 29557.4 22051.5 22239.5 26312.3 28212.1 26151.1  19046 22396.1 27136.7 20130.4 24890.4  31406  19022 26629.1 27386.4  22564 21066.3 19720.8 16382.7 23247.1 25636.6 20850.6 27631.1 21523.8  21869 28713.4 20605.1 25583.6 17741.6 25824.7 31782.1 24343.4 26382.2 29545.9 27063.6  23130 33265.5 27922.9 25291.7 20867.4 20247.2 26114.6 18106.5 25841.2 27364.4 26575.8 25237.2 27376.7 18764.4 17255.4 19232.9 23547.8  25432  23023 18972.5 23788.4 17134.4  27447 23445.3    inf 24386.9 15109.6 20130.7  24825 28636.4 23024.4 25059.9 28770.2 19444.1 19547.1 25039.3 18949.1 26697.7 24695.1 25440.4 29890.6  24387 25180.1 21691.7 30499.8  23378 20939.3 23231.4 24136.1 18860.4 23576.8  22103 26590.4 28237.1 24525.9 22090.8 24753.4 21144.2 22041.2 21958.1  23393 17628.6 24925.8 24080.9  24690 27205.6 31451.1 24263.7 24749.9 26977.1 
15798.5 16807.7 11649.9 10621.3 8614.77 15669.6 14640.3 15623.6 17827.2 15305.2 24264.8 14758.1 11532.5 17829.4  10977 26348.9      0 17303.7 16167.7 6943.1 31979.3 11772.3 11598.4 18905.8 17170.2 11234.5 15500.7 18365.7 7623.01  13476 5078.68  12866 2537.22 13418.9  13375 14610.2 15621.2 2632.84 21862.8 10526.6 12561.1 9276.21 12673.5 17045.7 13460.8 20574.3 12294.9 19633.9 18731.2 17676.5 14592.1 14589.6 19346.9 10525.9 17081.2 17751.5 8610.59 16416.5 10182.8 18287.8 12744.2 11309.7 16671.7 11926.3 15665.9 16441.4 15611.2 17874.5 8017.72 10989.4 19730.4 11473.2 12077.5 14692.4 13088.2 19045.6 13094.2 4186.7 21015.7 14860.8 14010.7 19660.6 13887.3 18156.2  11748 17534.1 13872.7 19912.8 19433.9 20225.5 19744.9  22188 11185.1 15715.2 11727.6 16183.7 18496.4 13480.9 14257.3 14516.1 8768.4  20647 13711.2 15628.1    inf 18859.1 17447.2 17081.6 16059.3 15899.9  14757 11856.9 15264.2 16838.6  16498 15907.4 13607.7   9607 13169.5  19577 13699.1 3921.99 10105.7 6617.27 22682.7 17305.7 17890.1 14701.3 15763.1 15811.2  14445 13337.3 12506.6 13162.6 13276.7 17039.5 15439.7 13992.7 10515.6 7583.37 12290.1 14579.4 15169.2 19780.9 14933.5 15254.5 11818.2 14443.8 15266.7 15874.3 
20489.2 10811.7 5653.83 17767.6 8688.92 10723.8 8644.26 16368.3 11387.5 12667.3 19675.9 14844.8 14012.9 13245.9 21989.4 9045.2 17303.7      0 16879.1 16870.2 30751.2 12040.8 16289.1 16996.1  13873  10955 11983.3 20569.7 9680.69  19068  12225 12586.5 17959.1 14553.6 19340.2 17149.8 15707.9 18890.8 16891.4 15565.2 16648.8 9987.59 13418.2 16983.5  13535 20512.2 13006.3 13194.3 17267.1 19166.9 17105.9 10000.8 13350.9 18091.5 11085.2 15845.2 22360.8 9976.84 17583.9 18341.2 13518.8 12021.1 10675.6 7337.47 14201.9 16591.4 11805.4 18585.9 12478.6 12823.8 19668.2 11559.9 16538.4 8696.38 16779.5 22736.9 15298.2  17337 20500.7 18018.4 14084.8 24220.3 18877.7 16246.5 11822.2  11202 17069.4 9061.32  16796 18319.2 17530.6  16192 18331.5 9719.19 8210.18 10187.7 14502.6 16386.8 13977.8 9927.26 14743.2 8089.22 18401.8 14400.1    inf 15341.7 6064.4 11085.5 15779.8 19591.2 13979.2 16014.7  19725 10398.9 10501.9 15994.1 9903.9 17652.5 15649.9 16395.2 20845.4 15341.8 16134.9 12646.5 21454.6 14332.8 11894.1 14186.2 15090.9 9815.18 14531.6 13057.8 17545.2 19191.9 15480.6 13045.6 15708.2  12099  12996 12912.9 14347.8 8583.35 15880.6 15035.7 15644.8 18160.4 22405.9 15218.4 15704.7 17931.9 
 20435 16383.1 11225.2 15475.8 14260.3 13782.5 14032.3 10883.7 15940.2 14387.5  21880 15215.2 16717.3 14681.5 21828.8 25924.3 16167.7 16879.1      0 13899.2 29517.6 13891.6 18554.5 16926.6 11089.3 13394.9 14187.4 21130.4 15252.1 5281.91 13679.3 15026.4 18704.9 12501.2 16338.1  15466 9517.63 17974.3 19975.8 10080.5 12211.7 6891.48 7933.56 12047.9 15758.8 15576.5 3872.78 17746.9 15583.3 6085.56 10915.7 12204.9 11901.6 13236.2 16656.6 17402.1 12179.3 14529.5 17138.9 14923.5 10422.7 8924.96  16247 9541.6  12518 18560.6 10871.2 5830.6 13397.1 13108.6 14732.6 13665.6 11728.1 14267.8 10673.9 16631.3 17933.4 18255.5 24570.2 18374.4 16473.6 22593.7 18741.8 17018.2 17393.6 9518.15 17295.4 19466.8 18516.1  19876 19005.4 21763.4 7572.8 15290.6 10414.3 15759.1  20074 11066.6 16417.7 12131.4 19481.4  12631 18347.6 13166.5    inf 17311.6 19590.5 16656.9 14739.1 13485.5 12295.3 13251.6 20498.4 14951.5 16073.3 18099.8 20336.2 16563.1 17836.1 18535.8 10086.8 12245.7 13038.8 9550.42  20221 13477.8 17465.5 18255.7 18696.2 15386.6 12306.6 12017.1 12060.6 16095.8 18115.8 18617.1 13653.8 9252.74 17734.2 13831.5 19018.4 14154.8 12784.5 5684.49 8771.69 10210.9 15532.8 12122.3 11902.5 13227.4 
8855.42 12480.7 11893.6 11877.9 12658.2 10220.7 8903.17 8915.71 12378.3 12419.5 21511.6 10686.6 10410.8 10886.3 11849.7 25915.4 6943.1 16870.2 13899.2      0 28593.9 4829.32 4655.33 15415.5 13213.2 9065.63 12712.1 16076.3 11666.4 13698.1 12021.8 10697.1 9480.32 10533.2 6431.94 17439.3 9047.07 9575.94 15541.8 5551.93 7682.88 8375.33 5965.61 10102.6 8139.32 13631.3 10026.4  14185 11788.1 10733.4 7649.04 13688.8 14544.1 3582.8 14742.1 12873.3 15553.7 10967.6 3239.7 12908.1 7769.54 9267.27 10431.7 11025.5 8722.77 9498.35 8903.26 15344.8 8868.5 4046.35 12787.4 11017.7 7199.28 14936.2 6145.11 12102.5 12345.5 11129.8  18218 7917.68 12029.5 18759.7 15143.9 14696.3 9852.15 11722.6 6929.62 13802.7 16548.2 15347.2 13951.3 17834.4 15988.9 11388.2 10826.7 14056.2 13815.1 6537.8 12088.4 13615.2 13174.9 14835.4 6768.07 12940.5    inf 15343.7 10805.8 14742.4 9684.9 8956.77 13811.7 13291.8 15969.6 11389.6 9814.45 15451.9 14077.3 2663.9 8773.85 12633.9 14015.5 3021.11 9204.8 5716.4 19297.3 10362.6  15551 11903.5 10925.4 11008.4 11836.1 6962.91 7531.96 12261.7  12528 12358.2 8496.71 7284.79 11427.7 9018.3 14314.7 12240.3 14268.4 12837.8 12403.7 8311.41 13404.3 9469.18 12575.2 9542.68 
24610.9 25412.4 25097.4 31296.1 28132.4 26700.9 22106.9 27528.7 24872.9 26005.1 34006.2 31367.6 29273.2 25162.8 33713.1 39796.4 31979.3 30751.2 29517.6 28593.9      0 23764.5 24636.3 24648.3 21601.7 28254.2  28823 34694.5 27666.5 34199.2 30210.8 29279.7 32999.7 27891.4  22526 25947.2 27899.9 33931.4 31124.6 28451.9 26135.8  22703 27969.6 18491.2 26240.1 22019.9 25721.7 26768.6 26064.5 29186.3 29297.9 28016.5 26688.7 25887.4  25686 31326.2 31554.3 26283.6 25718.2 27155.8 26234.3 24736.5 25276.4 25353.2 22999.3 28433.6 25268.1 24708.5 28387.9 24547.5 15806.5 28082.7 25652.2 22412.8  24598 30555.4 30446.3 32377.6 33963.3 23673.1 30964.8 38405.3 30794.6 25397.9 25899.3 19999.4 28793.1 30397.9 30133.7 31232.3 28264.3 33841.7 32540.1 24319.9 26225.9 20921.5 25349.2 24205.3  29487  27943  28567 23112.2 22523.5 16351.1    inf 33357.4 29450.9 25686.3 25325.8 27409.7 17222.3 26861.3 34422.5 26705.7 21348.6 32516.8 25611.4 26627.7 27709.1 31569.2 35054.1 28057.3 28850.4  25362 9296.59 26473.5 26494.8 27648.9 29628.6  23153 25110.9 27464.1 30431.9 31907.3 30493.6 23892.3 20097.1 26886.5 28256.3 27953.5 29499.7 23184.1 28596.1 23833.1 21767.4 22431.7 28528.5 27933.9 24898.2 19415.2 
13079.3 7651.35 7064.28 13079.9   8413 9291.84 4073.86 8908.13 8443.15 9773.59 17576.4 11039.2 5581.51 9676.07 9948.56  21086 11772.3 12040.8 13891.6 4829.32 23764.5      0 8879.25 13874.2 8383.84 5802.26 9486.37 12812.9 7421.23 10434.7 9965.56 7272.48 9235.12 7887.29 11261.3 17704.7 11902.3 10166.9 10712.4 7939.9 9166.72  11398 5958.04 5273.32 9579.05   8802 10018.8 10338.8 13993.7 14325.6 12478.4 11411.2 12462.2 8412.12 10196.6 14357.1 16144.6 8544.91 8069.02 14636.8 10157.5 11655.2 5602.42 8747.92 10928.4 4669.03 6257.33 11490.6 4623.33 782.972 7958.06 7754.3 8683.12 10106.8 9737.29 15694.7 9699.86 8613.02 13388.7 12141.6 7200.22 15788.9 15307.9 13124.6 7866.22 11756.9 5028.51 8973.37 13902.3 14598.1  10520 15933.3 12725.6 6558.86 8527.72 10792.9 14579.2  10130 8663.78 11337.7 8345.61 12377.3  10992 9829.68    inf 15336.1 5976.45 10196.9 6421.52 12548.9 10700.8 8462.47 11869.8 8966.97 11912.4 12188.5 9690.49 6887.82 3944.53 7804.62  14008 7850.43 7936.64 10545.7 14467.9 9736.21 11005.4 7074.23  13594 8926.53 10726.1 3699.53 9919.92  13140 9882.28 13122.3 3667.39 4638.86 6598.4 4188.98 9485.37 7694.7 15245.5 15590.5 8549.5 11903.6 15310.6 11857.1 11680.3  14372 
4200.09 16530.6 13990.1 11205.4 12591.9 5565.33 11806.8  13571 7722.97 15398.9 16856.2 15281.8 9761.47 13150.2  16505 25334.3 11598.4 16289.1 18554.5 4655.33 24636.3 8879.25      0 15052.4 16308.8 11647.3 10254.7 17223.5 11856.6  17748  14401 10015.8 14135.6 13512.5 11087.3 15118.4 13702.4 14231.3 11758.6 10147.1 12338.2 12456.4 10620.9 14104.7 7745.79 17633.3 14681.7 9529.68 14051.9 15388.8 12304.4 17563.9 18622.7 8238.13 16660.7 16439.1  20209 6312.26 7895.03 16397.4  11214 12711.7 14481.7 14900.6 10986.6 13548.3 8645.66 16932.3 13463.7 8096.28 16789.4 15067.6 11854.6 14346.9 10800.4 16757.9  11952 15785.1 19559.6 3262.35 12540.9 19968.9 14471.4 14302.7 9458.62 11933.5 11584.9 16803.8 19527.5 16197.9 17973.9 21635.1 20038.9 15438.1 14027.9 12855.5 13142.6 11193.1 11407.1 14081.7 12525.6 15046.3 2112.74 8285.17    inf  19999 14855.7 17620.3 13734.8 13612.1 9156.33 14654.7 20624.9 6734.32 9141.99 19501.8 13404.9 1991.43 11398.5 16683.9 18670.9 7676.44 10548.7 10371.7 15339.7 9285.08 15851.8 13245.2 15580.7  15087 16491.4 11012.8 12127.1 16917.1 12134.4 11685.7 12498.7 10264.1 10778.4 13068.2 15656.3 15118.2 18289.3 15767.1 13991.2 12966.7 8748.93 12913.7 17121.9  14198 
 15027 15616.2 11342.3 12362.6 12152.7 12669.5 12811.8 16903.9 11622.2 16198.2 20755.5 18497.3 12509.5 11268.6 20283.1 26041.3 18905.8 16996.1 16926.6 15415.5 24648.3 13874.2 15052.4      0 10976.9 9187.1 12230.2 11026.8 13144.4 17300.1 15688.8 10818.6 16368.6 14311.9 16778.6  14629 18103.6 17300.4 6476.27 14204.7 10808.2 10035.2  13994 11812.8 7306.6 15341.4 13053.9 13517.9 13612.7 13858.8 18227.8 11232.4 16892.4 11832.7 15889.7 11156.7 12184.6 13032.9 18655.2 2507.48 12160.5 12068.6 15480.1 9658.65 10547.5 12475.2 14293.3 11600.4 10888.1 14206.4 14497.5 15212.3 10324.6 14358.9 9270.44 15227.9 5811.6 15746.5 20362.4  11790 9944.04 22716.9 13144.3 749.667 9019.43 10203.2 15916.1 20601.7 20326.8 13630.7 18278.2  19368 16172.2 14523.7 8785.94 12867.5 15552.9 8877.75 12209.9 11136.4 15273.6  13316 12939.7 8297.17    inf 15917.5 18595.6  15890 14011.8 12082.1 7426.01 10493.4 18134.6  13455 11552.3 19646.5 15815.2 17043.8 14146.5 16970.9 18686.2 15389.4 15526.9 12694.1 15351.7 13365.4 16698.6 14047.9  19347 13356.7 15314.6 11289.8 16184.7 18827.4 5937.76  14096 10206.8 12674.8 13526.4 11322.5 16459.1 13387.8 15928.2 13390.1 8659.28 10651.4 15420.4 10460.9 5528.51 13667.8 
16283.4  13377 8219.14 15169.9 11254.2 11649.8 11209.6 5926.95 9492.21 15209.7 18625.5 13939.9 7671.46 13239.8 16651.5 22918.2 17170.2  13873 11089.3 13213.2 21601.7 8383.84 16308.8 10976.9      0 10993.9 9373.24 19313.8  12246 15938.9 14790.3 9362.43  17619 13323.4 16116.1  14549 16638.5 14537.3 16290.8 9656.77 10569.1 7974.91 8755.8 3110.51 14317.1 6639.19 10993.6 11387.9 14141.5 16466.8 18036.5 9198.8 15916.2 14440.8 13650.5 14103.4 12104.6 10902.9 16452.9 8469.46 7439.16 5941.43 13240.9 6535.5 11076.2 13052.9 11693.4 5258.75 12973.3 9166.81 5795.25 12876.2 10824.3 11261.7 11878.5 17835.9 15626.1 12983.5 18906.3 15345.7 11659.4 17878.9 18435.9 10564.2 14387.5  14076 11731.5 14542.5 19338.4 16577.3 14211.5 18757.3  13648 12284.5 7408.21  12753 14635.4 12271.2 10753.7 9125.29 8401.78 17188.9 14196.1 14326.8    inf 14539.7 13586.2 13650.8 9945.11 14690.2 13455.7 16846.3 20219.8  11325 13067.2 17310.4 9746.65 14722.5 9308.44 13579.1 16161.9 13329.1 14122.3 10633.8 12305.1 7023.76 13590.5 12591.8 14933.7 12380.5 15847.9 12083.4 11636.8  14106 15752.3 13178.4 4716.45  10075 6654.57 12572.8 15002.9 11148.7 13867.9  13310 2317.66 14044.8 9078.75 9138.8 5448.43 16644.1 
11621.9 10459.1 5301.22 7438.89 8336.31 13528.2 8291.64 13144.4 12030.9 12314.7 19323.3 9442.42 3322.43 12893.2 14184.9 20000.3 11234.5  10955 13394.9 9065.63 28254.2 5802.26 11647.3 9187.1 10993.9      0 11630.7 11216.1 9328.07   8113 11872.4 1631.46 13771.8 12123.6 8385.15 16107.9 10305.5 8601.7 13309.4 12341.3 12816.3 9634.98 10194.4 9762.96 12494.9 13291.6 12653.7 13926.6 16225.2 15866.8 11703.5 9648.16 12998.3 12648.4 10732.6 14216.4 14579.5 12781.2 11577.4 10532.2 11594.5 11668.5 9648.01 6984.86 13159.9 7266.04 10493.6 15136.6 10425.6 5019.29 12447.7 6157.5 12332.7 8343.77 11278.5 17235.9  10670 10155.6 11175.3 8384.92 9797.22 13529.8 10704.9 8437.44 11469.6 10160.1 9264.83 14267.8 16443.3 16690.4 9091.11 15839.3 10403.9 9366.58 7857.57 9196.06 12320.1 11671.2 3022.76 9574.65 6086.53 10750.1 9534.53 13766.4    inf 14989.1 11270.9 10732.9 4824.72 14090.2 12937.2 14264.7  17672 13203.3 8981.97 10591.7 7431.41 11092.5 4959.42 13606.9 12917.9 12086.7 6339.84 9828.24 18957.6 13972.5 11541.4 4860.84 11997.2 9462.57 9129.25 2102.73 12597.1 11925.4 10487.6 10863.2 8157.03 8875.18 4339.32 9991.24 7271.98 8230.74  15528 13993.7 12195.5 13444.8  17787 13294.2 9064.76 11495.9 
10229.3 11487.3 6329.47 13476.7 7682.06  14187 9319.89 11931.2 15602.1 12796.7 16984.3 14770.4 12142.9 11704.7 11977.2 21028.5 15500.7 11983.3 14187.4 12712.1  28823 9486.37 10254.7 12230.2 9373.24 11630.7      0  17943 7947.09 18888.8 10491.4 10451.9 16225.5 10910.4 8026.49 16359.9 15959.5 17157.2 10860.7 10487.2 13957.1 7295.95 8981.16 10331.8 12528.1 13860.4 10314.6 17497.8 14488.5 18589.2 17357.5 7309.13 14026.5 16294.9 9725.07  12158 16842.5 14933.9 11218.7 9722.72 8269.6 9329.43 11351.3 4645.83 11423.2 4817.34 9280.45 9996.67  10745 10269.3 13016.5 12235.5 14440.7 9372.02 14000.9 19958.3 15821.5 15603.4  13537 9291.6 2286.16 18451.9 16742.8 11809.4 10815.3 14423.1 7057.18 9868.24 16925.4 9684.02 18206.2 16867.6 16597.9 10394.8 3773.12 10863.3 15178.2 13608.2 9060.62 7235.61  14907 17535.9 8141.99 13647.9    inf 10904.6 12865.2 11761.2 15907.9 16812.6 12776.7 15452.8 17991.4  15356 11177.6 15855.1 15440.4 10048.2 13430.9 11958.1 17031.1 11578.7 12371.8 8883.43 19526.4 2349.48 8916.23 7222.53 14876.4 10490.8 15207.3 13185.9 12467.2 14287.1 16003.9 13721.3 11937.7 7661.98 13159.8 11179.3 9633.67 9258.99  13189 18047.9 7055.58 14141.7 13816.7 6569.96 10186.3 11137.2 
17198.1 17310.7 14915.8 14533.7 14137.7 18891.6 14982.9 18761.6  16734 16702.6 25867.2 16453.1 14538.5 10419.9 19859.4 29614.9 18365.7 20569.7 21130.4 16076.3 34694.5 12812.9 17223.5 11026.8 19313.8 11216.1  17943      0 13145.9 15848.5 15690.2 12847.6 15828.5 15749.2 19601.3 20651.9 17316.2 16760.2 15413.4 13664.5 14891.4 19249.6 15811.5 16203.3 9477.66  19732 19872.3 18629.7 15648.7 19749.4 18714.2 16577.4 17386.2 14034.2 17309.2  10733  22049 18144.7  19316 12371.8 15882.2 17379.9 16658.7 16599.5 12583.4  17482 17504.3 21464.7  10348 12029.9  18888 13168.2 14407.8  17698 15161.1 21118.5 5271.45 15206.4 22391.4 13961.1 15656.9 24745.9 12604.1 10277.1 11190.5  14704 15067.4 21786.3 20831.3   8259 13635.1 8341.26  15632 16218.2 17472.2 16206.7 16833.7 14768.4 14238.9 19189.3 17302.6 17791.2 15110.7 18352.4    inf 22482.3 18789.4  17555 9368.71 17972.7 17481.2 9953.23 17594.4 18566.7  15466 14430.1 18647.5 18134.8 16175.5 20617.5  18146 19097.4 13350.5 16838.9 25397.9 19775.1 18118.1  16077 19007.9 13850.5 16139.9 9113.39 15644.6  22549 5089.03  15599 16480.3 15885.8 15555.4 10782.3  17813 15082.4 22603.6 18537.7 18523.6  16542 25284.7 17581.8 15392.9 18151.3 
11831.3 9184.7 4026.85 8086.95 991.763 8046.57 7017.28 11211.5 10204.2 10085.4 18048.9  10407 10209.5 11242.2 16718.2 18725.9 7623.01 9680.69 15252.1 11666.4 27666.5 7421.23 11856.6 13144.4  12246 9328.07 7947.09 13145.9      0 10941.7 2544.33 8518.48 8278.4 8199.08  11362 17424.6 11270.1 9210.16 14239.8 6114.47 7341.29 8360.62 8261.46 12694.6 5837.84 16223.2 11379.3 12010.9  12144 12500.2 12668.1 8373.8 11723.9 10394.4 9458.24 12531.7 15187.9 8793.51 14554.2 13824.2 8332.08 9829.81 9048.66 5710.5 9078.69 8918.85 10178.4 16394.7 2797.91 8204.21 15379.3 7122.11 6857.69 7069.41 7911.87 13869.3 7874.43 7656.3 13392.7 10321.3 6387.67 18307.7  11353 12394.8 4125.01 12078.5 12449.7 15500.7 14214.1 13785.5 15903.6  14565 8650.78 8092.21 6583.2 8560.73 12875.6 8304.56 8916.36 8300.28  12238 15191.3 9743.91 12773.1    inf 13714.7 13397.7 9458.55 13842.8 10723.5 12918.2 7505.74 10044.4 9215.56 8874.96 11556.3 13137.8 13848.1 11365.8 14768.2 11164.8  11545 13843.4 11019.6 18369.9 10296.6 10267.1 7078.27 8186.06 8188.21 10093.9 11120.8 8094.5 14142.8 8056.86 11418.7 11088.6 9580.63 11226.3 3232.26 4667.14 6956.38 14253.7 14604.6 13453.6 10078.2 18395.5 10031.7 12233.6 8251.25 
19734.9 16329.4 13414.2  13940 11933.4 18160.6 14508.5 10011.9  17907 18642.3 27040.2 14074.8 11435.4 18164.7 18817.3 28113.3  13476  19068 5281.91 13698.1 34199.2 10434.7  17748 17300.1 15938.9   8113 18888.8 15848.5 10941.7      0 8397.34 9744.46 16013.2  16756 16498.2  12897 14799.5 12875.1 21147.1 15001.8 17220.9 12173.4 12854.8  15708 16779.5 19236.7 9154.69 19802.7 20857.6 11367.5 16197.6 17486.8 17183.5 17280.9 18845.6 18188.3 6897.38 17413.6 16937.8 16574.5 15704.6 14206.9 14280.4 14823.5 17792.3 15103.7 15126.1 11112.5 12677.5 9651.71 18392.7 10789.9 16737.3 15319.8 15955.8 21913.2 12651.5  14429 19288.3 16497.9 17329.3 21642.8  17206 16550.4 15066.7 14792.5 13897.3  19408  22771 20662.3 13723.5 23952.3 2290.88 15236.9 15696.2 13828.5 17483.1 16348.5 11135.8 17413.3 14199.5 15412.9 17647.5 18398.9    inf 22232.9 16411.1 18845.9 9457.14 18767.5 17569.6 7969.7  19924 17835.7 13482.4 15224.1 15544.4 15756.6 13072.4  17664 4804.86 16719.2 10972.3 14460.7 24902.6 18604.9 19654.4 12973.8 16629.6 17575.6 13761.7 6735.15 16981.8 20038.4 12833.9 16026.1 14102.1 13507.6 12452.3 12243.2  15385 16343.7 16067.9 10966.4 14053.6 15492.8 20814.7 17404.2 13553.5 18509.3 
14375.6  11729 6571.18 5542.62 3536.09 10590.9 9561.61 13755.9 12748.5 12629.7 20593.3 12951.4 12753.8 13786.6 16055.7 21270.2 5078.68  12225 13679.3 12021.8 30210.8 9965.56  14401 15688.8 14790.3 11872.4 10491.4 15690.2 2544.33 8397.34      0 11062.8 7615.9 10743.4 13906.3 19688.9 13814.4 7711.52 16784.2 8658.8 9885.62 10904.9 10805.8 15238.9 8382.17 18767.6 13923.6 14555.3 14688.3 14932.8 15212.5 10918.1 14268.2 12938.7 12002.6  15076 13689.3 11337.8 15261.5 16368.6 10876.4 12374.1  11593 8254.82  11623 11463.2 12722.7  18939 5342.23 10748.5 17923.6 9666.44 9402.02 9613.74 10456.2 16413.6 10418.8 9265.38  15937 12865.6 8931.99  20852 8808.63 14939.1 6669.34 14622.8 14994.1  18045 16758.4 16329.9 18447.9 17109.3 6106.46 10636.5 9127.53 11105.1 15419.9 10848.9 9958.75 10844.6 13847.1 17735.7 12288.2 15317.4    inf 16259.1  15942 12002.9 16387.1 13267.9 15462.5 10050.1 12588.7 11759.9 11419.3 14100.6 15682.2 14685.7 13910.1 17312.5 8620.43 9000.67 15184.4 11695.9 20914.2 12840.9 12811.4 9622.6 10730.4 10732.5 12638.2 13665.1 10638.8 16687.2 10601.2  13963  13633  12125 13770.7 5776.58 7211.47 9500.7  16798 17148.9 15997.9 12622.5 16896.9 12576.1 14777.9 10795.6 
9990.41 12090.5 6932.68 5807.43 7526.72 14581.5 8771.34 14775.9 13662.4 13946.1 20954.7 11073.9 1690.97 14186.9 15816.3 21631.7  12866 12586.5 15026.4 10697.1 29279.7 7272.48 10015.8 10818.6 9362.43 1631.46 10451.9 12847.6 8518.48 9744.46 11062.8      0 15403.2 13755.1 6753.7 16533.8  11937 10233.2  11678 13972.8 11184.8 11266.4 11825.8 11394.4 10863.4 14923.1 14285.1 15558.1 15206.2 14235.4  13335 11279.6 14629.7 12209.4 12364.1 15807.1 14089.4 14412.7 9945.93 10454.3  13226 13299.9 11279.5 8616.32 12140.9 5634.58 11932.5 13505.2 11316.4 6650.75 14079.2 7788.96 10701.2 9975.23 9647.05 15604.5 9038.53 9036.77 9543.82 6753.46 8165.76 11898.4 9073.45 10068.9  10660 11791.5 10896.3 12636.4 18074.8 15563.6 9903.38 17470.8 12035.3  10998 9489.03 10827.5 10688.7 10039.7 1391.3 11206.1 4455.07 12381.6 7903.07 14075.5    inf 16620.5 9639.45 12364.4 6456.18 12458.7 14189.1 13720.3 18562.8 14834.7 10062.8 12223.1 5799.95 9461.01 3327.96 14367.6 14549.3 11741.8 7971.3 9046.52 19983.1 12801.4 13172.9 3229.38  10987  11094 10760.7 3734.19 14228.5  10294 8856.1 9231.73 9788.49 10506.6 2707.86 11461.5 5640.52 9862.2 17159.5 15294.9 10564.1 11813.4 17325.1 14925.6 7433.3 9864.43 
18335.7 16886.5 12305.3 13158.5 9270.16  16325  13309 13894.1 17678.3  12768 24181.9 12220.9 14069.7 15335.6 8439.76 27004.3 2537.22 17959.1 18704.9 9480.32 32999.7 9235.12 14135.6 16368.6  17619 13771.8 16225.5 15828.5 8278.4 16013.2 7615.9 15403.2      0 10881.7 15912.3 17147.4  13084 5170.06 19894.8 8797.06 10023.9 11813.4  10944 14508.4 14116.2 18037.1 14832.1  19574 16237.4 15182.8  14482 16652.2 19155.8 13063.1 17736.6 15214.3 11147.8 17071.9  12720 17357.4 11014.7 12512.4 14837.5 13988.9 13172.1 13904.2 13881.7 19077.3 5480.5 10018.1 17193.2   8936 9540.29 15347.8 10594.5 16551.9  10557 6723.92 21671.1  17398 14666.1 22197.8 16424.5  15619 12403.4 16171.9 13359.8 18183.3 16896.7 17688.3 19755.1 22843.4 13722.4  15794 14264.8 16839.1  18833 10987.1 16794.5 16578.7 11305.6 19284.8 16248.4 18165.4    inf 20322.1 15211.6  17737 15656.6 13406.1 17294.2 9319.63 12726.9  17494 14832.4 13370.2 16144.9 12144.2 13179.7 17039.7 16236.3 6459.21 12642.9 9154.49 23703.1 18067.5 18545.5 15356.7 16464.5 15620.1 11907.8 12934.7 10777.1 15699.8 10739.5 17376.1 12902.5 12263.2 13052.8 5046.15 12945.5 15234.8 17706.5 17287.2 16136.2 12760.8 14355.4 12714.3 14916.2 15777.2 
